0 0 0
0 1 1
0 2 2
0 3 3
0 4 4
0 5 5
0 6 6
0 7 7
0 8 8
0 9 9
0 10 10
0 11 11
0 12 12
0 13 13
0 14 14
0 15 15
0 16 16
0 17 17
0 18 18
0 19 19
0 20 20
0 21 21
0 22 22
0 23 23
0 24 24
0 25 25
0 26 26
0 27 27
0 28 28
0 29 29
0 30 30
0 31 31
0 32 32
0 33 33
0 34 34
0 35 35
0 36 36
0 37 37
0 38 38
0 39 39
0 40 40
0 41 41
0 42 42
0 43 43
0 44 44
0 45 45
0 46 46
0 47 47
0 48 48
0 49 49
0 50 50
0 51 51
0 52 52
0 53 53
0 54 54
0 55 55
0 56 56
0 57 57
0 58 58
0 59 59
0 60 60
0 61 61
0 62 62
0 63 63
0 64 64
0 65 65
0 66 66
0 67 67
0 68 68
0 69 69
0 70 70
0 71 71
0 72 72
0 73 73
0 74 74
0 75 75
0 76 76
0 77 77
0 78 78
0 79 79
0 80 80
0 81 81
0 82 82
0 83 83
0 84 84
0 85 85
0 86 86
0 87 87
0 88 88
0 89 89
0 90 90
0 91 91
0 92 92
0 93 93
0 94 94
0 95 95
0 96 96
0 97 97
0 98 98
0 99 99
0 100 100
0 101 101
0 102 102
0 103 103
0 104 104
0 105 105
0 106 106
0 107 107
0 108 108
0 109 109
0 110 110
0 111 111
0 112 112
0 113 113
0 114 114
0 115 115
0 116 116
0 117 117
0 118 118
0 119 119
0 120 120
0 121 121
0 122 122
0 123 123
0 124 124
0 125 125
0 126 126
0 127 127
1 0 128
1 1 129
1 2 130
1 3 131
1 4 132
1 5 133
1 6 134
1 7 135
1 8 136
1 9 137
1 10 138
1 11 139
1 12 140
1 13 141
1 14 142
1 15 143
1 16 144
1 17 145
1 18 146
1 19 147
1 20 148
1 21 149
1 22 150
1 23 151
1 24 152
1 25 153
1 26 154
1 27 155
1 28 156
1 29 157
1 30 158
1 31 159
1 32 160
1 33 161
1 34 162
1 35 163
1 36 164
1 37 165
1 38 166
1 39 167
1 40 168
1 41 169
1 42 170
1 43 171
1 44 172
1 45 173
1 46 174
1 47 175
1 48 176
1 49 177
1 50 178
1 51 179
1 52 180
1 53 181
1 54 182
1 55 183
1 56 184
1 57 185
1 58 186
1 59 187
1 60 188
1 61 189
1 62 190
1 63 191
1 64 192
1 65 193
1 66 194
1 67 195
1 68 196
1 69 197
1 70 198
1 71 199
1 72 200
1 73 201
1 74 202
1 75 203
1 76 204
1 77 205
1 78 206
1 79 207
1 80 208
1 81 209
1 82 210
1 83 211
1 84 212
1 85 213
1 86 214
1 87 215
1 88 216
1 89 217
1 90 218
1 91 219
1 92 220
1 93 221
1 94 222
1 95 223
1 96 224
1 97 225
1 98 226
1 99 227
1 100 228
1 101 229
1 102 230
1 103 231
1 104 232
1 105 233
1 106 234
1 107 235
1 108 236
1 109 237
1 110 238
1 111 239
1 112 240
1 113 241
1 114 242
1 115 243
1 116 244
1 117 245
1 118 246
1 119 247
1 120 248
1 121 249
1 122 250
1 123 251
1 124 252
1 125 253
1 126 254
1 127 255
